0.102462, 0.883936, 0.900000, 0.188853, 0.115207, 0.220000, 0.372000, 0.170400, 0.100000
0.900000, 0.363454, 0.555211, 0.263113, 0.523009, 0.566667, 0.460000, 0.407556, 0.100000
0.103216, 0.725435, 0.900000, 0.138265, 0.124285, 0.300000, 0.433714, 0.261067, 0.100240
0.109498, 0.893574, 0.861690, 0.466437, 0.162650, 0.113333, 0.334286, 0.145867, 0.100279
0.107795, 0.770415, 0.708451, 0.624686, 0.150855, 0.206667, 0.306857, 0.130578, 0.100587
0.101801, 0.798260, 0.773803, 0.142481, 0.111861, 0.300000, 0.450857, 0.267467, 0.100653
0.112271, 0.875368, 0.742254, 0.217390, 0.176233, 0.246667, 0.376571, 0.192444, 0.100772
0.114329, 0.890361, 0.893239, 0.408715, 0.147277, 0.193333, 0.337714, 0.138756, 0.100801
0.108160, 0.827175, 0.773803, 0.472923, 0.149629, 0.113333, 0.326286, 0.145156, 0.100897
0.102624, 0.698661, 0.900000, 0.138589, 0.114279, 0.273333, 0.421143, 0.219111, 0.100955
0.100000, 0.502677, 0.900000, 0.145724, 0.100000, 0.513333, 0.460000, 0.330400, 0.100984
0.101748, 0.496252, 0.726479, 0.149291, 0.115472, 0.300000, 0.457714, 0.267467, 0.100992
0.114752, 0.858233, 0.900000, 0.200203, 0.161391, 0.246667, 0.449714, 0.229067, 0.101047
0.101089, 0.685810, 0.877465, 0.496271, 0.111529, 0.326667, 0.341143, 0.157956, 0.101060
0.112667, 0.864659, 0.888732, 0.220632, 0.162716, 0.246667, 0.407429, 0.215911, 0.101065
0.109802, 0.825033, 0.845915, 0.215444, 0.146979, 0.246667, 0.441714, 0.220889, 0.101573
0.104847, 0.526238, 0.893239, 0.758938, 0.128327, 0.140000, 0.310286, 0.120267, 0.101615
0.118564, 0.802544, 0.812113, 0.224524, 0.171065, 0.180000, 0.351429, 0.146933, 0.101676
0.109952, 0.804685, 0.627324, 0.183664, 0.160894, 0.273333, 0.385714, 0.189244, 0.101686
0.117161, 0.679384, 0.872958, 0.251439, 0.152379, 0.206667, 0.358286, 0.180711, 0.101892
0.104325, 0.576573, 0.845915, 0.203770, 0.118354, 0.380000, 0.469143, 0.351022, 0.102225
0.116364, 0.782195, 0.879718, 0.823794, 0.154731, 0.100000, 0.309143, 0.124533, 0.102281
0.112930, 0.876439, 0.852676, 0.248196, 0.174477, 0.246667, 0.402857, 0.219822, 0.102496
0.112279, 0.497323, 0.839155, 0.601662, 0.175537, 0.206667, 0.311429, 0.132000, 0.102571
0.123509, 0.883936, 0.900000, 0.337373, 0.185609, 0.246667, 0.346857, 0.175733, 0.102670
0.104287, 0.361312, 0.890986, 0.504702, 0.124251, 0.233333, 0.361714, 0.120267, 0.102869
0.103767, 0.573360, 0.749014, 0.277706, 0.129917, 0.260000, 0.375429, 0.223378, 0.102925
0.116252, 0.867871, 0.866197, 0.259546, 0.158740, 0.260000, 0.383429, 0.211289, 0.102979
0.121809, 0.740428, 0.652113, 0.291974, 0.206249, 0.220000, 0.380000, 0.197422, 0.103060
0.110671, 0.602276, 0.843662, 0.180746, 0.137835, 0.300000, 0.365143, 0.208089, 0.103143
0.118416, 0.775770, 0.827887, 0.184313, 0.209463, 0.233333, 0.388000, 0.193156, 0.103151
0.117723, 0.495181, 0.859437, 0.575719, 0.163577, 0.166667, 0.296571, 0.112800, 0.103196
0.104166, 0.279920, 0.900000, 0.456060, 0.126604, 0.166667, 0.272571, 0.113867, 0.103197
0.111561, 0.900000, 0.900000, 0.169720, 0.163113, 0.260000, 0.356000, 0.188178, 0.103247
0.122395, 0.556225, 0.866197, 0.563721, 0.191142, 0.166667, 0.298857, 0.113156, 0.103337
0.109547, 0.450201, 0.884225, 0.393474, 0.143732, 0.140000, 0.276000, 0.102489, 0.103351
0.117458, 0.539090, 0.897746, 0.289056, 0.160562, 0.140000, 0.308000, 0.107111, 0.103535
0.101415, 0.475904, 0.900000, 0.108107, 0.106361, 0.353333, 0.489714, 0.352800, 0.103744
0.101171, 0.313119, 0.900000, 0.190474, 0.110237, 0.300000, 0.428000, 0.258933, 0.103780
0.108160, 0.544444, 0.848169, 0.175557, 0.142771, 0.380000, 0.420000, 0.283822, 0.103856
0.113263, 0.350602, 0.886479, 0.463843, 0.187961, 0.206667, 0.313714, 0.103911, 0.104005
0.127602, 0.486613, 0.744507, 0.454763, 0.200186, 0.246667, 0.317143, 0.150133, 0.104365
0.133925, 0.511245, 0.843662, 0.533239, 0.214598, 0.166667, 0.306857, 0.110667, 0.104480
0.118405, 0.801473, 0.877465, 0.205715, 0.172158, 0.300000, 0.412000, 0.245778, 0.104525
0.102326, 0.419143, 0.900000, 0.152858, 0.122297, 0.300000, 0.416571, 0.196356, 0.104618
0.116387, 0.604418, 0.809859, 0.415525, 0.179414, 0.246667, 0.324000, 0.164000, 0.104623
0.105562, 0.524096, 0.863944, 0.159343, 0.122131, 0.353333, 0.433714, 0.314044, 0.104694
0.106820, 0.575502, 0.852676, 0.199230, 0.136178, 0.380000, 0.460000, 0.330044, 0.104896
0.106216, 0.489826, 0.900000, 0.166802, 0.142937, 0.433333, 0.461143, 0.354933, 0.105246
0.105587, 0.324900, 0.895493, 0.900000, 0.134986, 0.286667, 0.344571, 0.196711, 0.105422
0.106100, 0.486613, 0.859437, 0.105513, 0.131109, 0.300000, 0.486286, 0.310489, 0.105432
0.127858, 0.690094, 0.841408, 0.365910, 0.177856, 0.206667, 0.322857, 0.139111, 0.105524
0.100834, 0.282062, 0.881972, 0.100000, 0.106460, 0.900000, 0.789143, 0.809689, 0.105550
0.106426, 0.488755, 0.884225, 0.155452, 0.142009, 0.433333, 0.466857, 0.372356, 0.105730
0.113323, 0.397724, 0.900000, 0.249169, 0.173881, 0.206667, 0.344571, 0.121333, 0.105852
0.104044, 0.389157, 0.861690, 0.404824, 0.129354, 0.246667, 0.401714, 0.203111, 0.105902
0.112773, 0.152477, 0.573239, 0.388285, 0.146383, 0.166667, 0.348000, 0.105689, 0.106346
0.129510, 0.835743, 0.852676, 0.308837, 0.197138, 0.260000, 0.386857, 0.207022, 0.106358
0.102971, 0.336680, 0.284789, 0.259222, 0.122164, 0.740000, 0.646286, 0.575733, 0.106683
0.100947, 0.283133, 0.900000, 0.109080, 0.106162, 0.460000, 0.408571, 0.310133, 0.106801
0.139618, 0.422356, 0.834648, 0.539400, 0.223974, 0.206667, 0.313714, 0.127022, 0.107121
0.154022, 0.614056, 0.746761, 0.706405, 0.243289, 0.206667, 0.306857, 0.121689, 0.107145
0.109350, 0.655823, 0.879718, 0.233604, 0.140419, 0.233333, 0.369714, 0.199200, 0.107166
0.124138, 0.473762, 0.884225, 0.257925, 0.166526, 0.180000, 0.317143, 0.114222, 0.107257
0.103694, 0.352744, 0.859437, 0.162586, 0.134886, 0.393333, 0.498857, 0.438844, 0.107261
0.114637, 0.287416, 0.859437, 0.271544, 0.166360, 0.140000, 0.303429, 0.113867, 0.107262
0.131763, 0.777912, 0.830141, 0.264086, 0.217580, 0.273333, 0.407429, 0.236178, 0.107295
0.113933, 0.515529, 0.877465, 0.196311, 0.180639, 0.340000, 0.399429, 0.245422, 0.107577
0.102983, 0.222088, 0.900000, 0.120430, 0.124715, 0.326667, 0.396000, 0.252178, 0.108230
0.104104, 0.391299, 0.850423, 0.203445, 0.132468, 0.393333, 0.489714, 0.415022, 0.108562
0.105175, 0.407363, 0.895493, 0.245602, 0.137901, 0.326667, 0.386857, 0.229067, 0.108577
0.114460, 0.426640, 0.900000, 0.853628, 0.173947, 0.286667, 0.340000, 0.155467, 0.108622
0.111990, 0.301339, 0.900000, 0.290353, 0.180341, 0.193333, 0.344571, 0.122400, 0.108997
0.104538, 0.534806, 0.890986, 0.164532, 0.126074, 0.260000, 0.404000, 0.260000, 0.109201
0.140453, 0.524096, 0.868451, 0.745642, 0.203764, 0.206667, 0.352571, 0.128444, 0.109335
0.132506, 0.557296, 0.796338, 0.706080, 0.205785, 0.326667, 0.316000, 0.164000, 0.109551
0.117276, 0.634404, 0.897746, 0.192096, 0.190976, 0.246667, 0.380000, 0.198133, 0.109586
0.107476, 0.213521, 0.900000, 0.137617, 0.141347, 0.580000, 0.382286, 0.184622, 0.109630
0.134842, 0.394511, 0.787324, 0.606526, 0.188591, 0.246667, 0.322857, 0.156889, 0.109788
0.103624, 0.317403, 0.900000, 0.325375, 0.127962, 0.486667, 0.384571, 0.272089, 0.109862
0.108917, 0.272423, 0.863944, 0.379206, 0.161888, 0.206667, 0.338857, 0.114222, 0.109942
0.112646, 0.530522, 0.872958, 0.213498, 0.141678, 0.260000, 0.412000, 0.225156, 0.110261
0.142807, 0.367738, 0.881972, 0.408066, 0.286988, 0.140000, 0.309143, 0.104622, 0.110395
0.123545, 0.359170, 0.897746, 0.264410, 0.191274, 0.193333, 0.346857, 0.123467, 0.110591
0.140855, 0.431995, 0.832394, 0.336725, 0.243985, 0.126667, 0.302286, 0.102489, 0.110789
0.115094, 0.526238, 0.879718, 0.305918, 0.156156, 0.260000, 0.393714, 0.203822, 0.110917
0.102493, 0.249933, 0.895493, 0.282246, 0.114544, 0.433333, 0.540000, 0.500000, 0.111059
0.121851, 0.287416, 0.890986, 0.410336, 0.150358, 0.166667, 0.289714, 0.106400, 0.111138
0.114649, 0.554083, 0.900000, 0.175882, 0.196940, 0.406667, 0.399429, 0.291644, 0.111238
0.108021, 0.389157, 0.895493, 0.253060, 0.142076, 0.260000, 0.393714, 0.187822, 0.111438
0.106410, 0.336680, 0.848169, 0.187880, 0.146184, 0.273333, 0.383429, 0.219467, 0.111547
0.103467, 0.262784, 0.895493, 0.296190, 0.116565, 0.393333, 0.529714, 0.480089, 0.111678
0.118813, 0.236011, 0.688169, 0.398338, 0.161987, 0.180000, 0.344571, 0.138756, 0.112001
0.103027, 0.361312, 0.823380, 0.230685, 0.119911, 0.246667, 0.407429, 0.205244, 0.112008
0.105876, 0.237082, 0.884225, 0.335428, 0.142970, 0.246667, 0.408571, 0.216267, 0.112128
0.104993, 0.461981, 0.884225, 0.294244, 0.129088, 0.260000, 0.372000, 0.215556, 0.112142
0.108589, 0.344177, 0.893239, 0.174909, 0.144262, 0.260000, 0.375429, 0.204178, 0.112234
0.122840, 0.251004, 0.868451, 0.293271, 0.165631, 0.193333, 0.345714, 0.136267, 0.112387
0.145398, 0.515529, 0.857183, 0.807256, 0.253593, 0.246667, 0.316000, 0.147644, 0.112654
0.112525, 0.308835, 0.751268, 0.435306, 0.152909, 0.486667, 0.417714, 0.237956, 0.112755
0.116510, 0.411647, 0.888732, 0.210255, 0.182163, 0.473333, 0.384571, 0.241867, 0.112764
0.111494, 0.596921, 0.900000, 0.213498, 0.177658, 0.326667, 0.370857, 0.197778, 0.112962
0.103512, 0.180321, 0.900000, 0.109728, 0.144627, 0.393333, 0.447429, 0.276711, 0.113104
0.126459, 0.460910, 0.870704, 0.483624, 0.171926, 0.246667, 0.330857, 0.154400, 0.113126
0.101696, 0.100000, 0.900000, 0.223551, 0.110900, 0.646667, 0.591429, 0.578222, 0.113582
0.137327, 0.674029, 0.845915, 0.243008, 0.205852, 0.260000, 0.391429, 0.212356, 0.113707
0.102080, 0.216734, 0.854930, 0.166478, 0.113087, 0.500000, 0.689714, 0.512800, 0.113728
0.103612, 0.198527, 0.861690, 0.148966, 0.117692, 0.726667, 0.464571, 0.369511, 0.113756
0.125641, 0.433066, 0.886479, 0.565343, 0.201876, 0.260000, 0.313714, 0.160444, 0.113829
0.101928, 0.110710, 0.900000, 0.130482, 0.115008, 0.580000, 0.489714, 0.421422, 0.113829
0.104754, 0.331325, 0.843662, 0.356506, 0.137967, 0.593333, 0.444000, 0.321867, 0.114349
0.101801, 0.147122, 0.872958, 0.219011, 0.118785, 0.606667, 0.641714, 0.724711, 0.114691
0.101942, 0.125703, 0.830141, 0.194366, 0.116897, 0.740000, 0.692000, 0.612356, 0.114732
0.108846, 0.370950, 0.789577, 0.288083, 0.154036, 0.260000, 0.424571, 0.205956, 0.114778
0.138573, 0.299197, 0.886479, 0.311755, 0.227486, 0.140000, 0.312571, 0.110667, 0.114993
0.124486, 0.392369, 0.850423, 0.334779, 0.184151, 0.220000, 0.364000, 0.181778, 0.115136
0.111517, 0.421285, 0.848169, 0.184961, 0.159701, 0.366667, 0.445143, 0.175022, 0.115534
0.115854, 0.430924, 0.875211, 0.186259, 0.164472, 0.366667, 0.375429, 0.172178, 0.116207
0.197353, 0.594779, 0.742254, 0.511188, 0.353249, 0.193333, 0.325143, 0.140178, 0.116736
0.109097, 0.350602, 0.900000, 0.211552, 0.137636, 0.513333, 0.485143, 0.369156, 0.117258
0.111430, 0.242436, 0.812113, 0.436603, 0.166692, 0.260000, 0.399429, 0.192800, 0.117955
0.107743, 0.298126, 0.589014, 0.302351, 0.152976, 0.513333, 0.703429, 0.666756, 0.118364
0.120727, 0.465194, 0.836901, 0.297487, 0.192831, 0.500000, 0.406286, 0.247911, 0.118463
0.120293, 0.559438, 0.771549, 0.236846, 0.183787, 0.286667, 0.436000, 0.276711, 0.119320
0.133797, 0.458768, 0.890986, 0.238468, 0.178884, 0.500000, 0.367429, 0.210578, 0.119628
0.167347, 0.370950, 0.861690, 0.449250, 0.223808, 0.206667, 0.332000, 0.134133, 0.119679
0.139085, 0.489826, 0.877465, 0.245602, 0.263333, 0.340000, 0.384571, 0.227289, 0.119729
0.113354, 0.306693, 0.859437, 0.236198, 0.177492, 0.273333, 0.441714, 0.225511, 0.119750
0.104822, 0.249933, 0.900000, 0.284191, 0.138232, 0.486667, 0.402857, 0.284889, 0.120279
0.105362, 0.301339, 0.900000, 0.148966, 0.126471, 0.740000, 0.530857, 0.525600, 0.120681
0.108973, 0.327041, 0.900000, 0.167775, 0.140949, 0.580000, 0.466857, 0.352089, 0.120958
0.106086, 0.170683, 0.886479, 0.147345, 0.139359, 0.580000, 0.439429, 0.301600, 0.122242
0.110177, 0.299197, 0.900000, 0.114917, 0.143898, 0.406667, 0.396000, 0.263911, 0.122344
0.112630, 0.244578, 0.897746, 0.124321, 0.148470, 0.580000, 0.382286, 0.219467, 0.122637
0.110161, 0.373092, 0.893239, 0.191447, 0.138100, 0.753333, 0.448571, 0.379111, 0.123615
0.130514, 0.523025, 0.839155, 0.500811, 0.178055, 0.300000, 0.408571, 0.199911, 0.124252
0.135034, 0.491968, 0.890986, 0.299433, 0.195946, 0.446667, 0.397143, 0.248622, 0.124694
0.199383, 0.402008, 0.866197, 0.369153, 0.353613, 0.126667, 0.301143, 0.107467, 0.124815
0.110812, 0.376305, 0.893239, 0.250142, 0.156620, 0.633333, 0.543429, 0.430667, 0.126412
0.183669, 0.364525, 0.870704, 0.341913, 0.290400, 0.140000, 0.301143, 0.108533, 0.126731
0.115915, 0.200669, 0.814366, 0.393474, 0.189518, 0.260000, 0.397143, 0.189956, 0.126972
0.119196, 0.351673, 0.900000, 0.164856, 0.191771, 0.473333, 0.456571, 0.327200, 0.127058
0.128094, 0.413788, 0.870704, 0.236522, 0.165300, 0.366667, 0.358286, 0.158667, 0.127477
0.112653, 0.431995, 0.900000, 0.305594, 0.138266, 0.300000, 0.462286, 0.216267, 0.127696
0.111400, 0.295984, 0.845915, 0.201824, 0.163809, 0.673333, 0.390286, 0.325778, 0.127784
0.109729, 0.305622, 0.897746, 0.230361, 0.154069, 0.460000, 0.444000, 0.315111, 0.127980
0.127199, 0.488755, 0.884225, 0.339319, 0.250611, 0.646667, 0.354857, 0.235467, 0.128325
0.103985, 0.136412, 0.900000, 0.158695, 0.122197, 0.580000, 0.548000, 0.461956, 0.128373
0.131520, 0.464123, 0.895493, 0.191447, 0.190048, 0.500000, 0.389143, 0.240800, 0.128604
0.131534, 0.385944, 0.724225, 0.234252, 0.189750, 0.260000, 0.394857, 0.198133, 0.129167
0.117692, 0.333467, 0.417746, 0.266680, 0.172920, 0.606667, 0.566286, 0.537689, 0.131193
0.132203, 0.328112, 0.809859, 0.428172, 0.189286, 0.500000, 0.426857, 0.245422, 0.131912
0.121413, 0.450201, 0.895493, 0.282570, 0.201412, 0.393333, 0.449714, 0.217689, 0.132198
0.117562, 0.379518, 0.859437, 0.323105, 0.193892, 0.620000, 0.440571, 0.294489, 0.132333
0.152944, 0.523025, 0.872958, 0.391852, 0.205388, 0.246667, 0.361714, 0.187111, 0.132950
0.135413, 0.272423, 0.843662, 0.276409, 0.201545, 0.260000, 0.402857, 0.205956, 0.133089
0.110734, 0.385944, 0.900000, 0.172963, 0.167222, 0.606667, 0.504571, 0.363111, 0.133099
0.122992, 0.446988, 0.821127, 0.196636, 0.213704, 0.446667, 0.418857, 0.223378, 0.133360
0.120434, 0.496252, 0.893239, 0.205391, 0.214300, 0.180000, 0.365143, 0.160800, 0.133458
0.223223, 0.366667, 0.730986, 0.371099, 0.355899, 0.180000, 0.340000, 0.125956, 0.133494
0.103582, 0.245649, 0.900000, 0.226145, 0.136410, 0.406667, 0.751429, 0.646133, 0.133859
0.172904, 0.260643, 0.834648, 0.407742, 0.283609, 0.193333, 0.346857, 0.127378, 0.133872
0.116859, 0.324900, 0.868451, 0.330563, 0.161059, 0.606667, 0.431429, 0.362044, 0.133932
0.107427, 0.483400, 0.900000, 0.163883, 0.149662, 0.433333, 0.609714, 0.492889, 0.133961
0.248287, 0.516600, 0.823380, 0.620470, 0.268170, 0.246667, 0.318286, 0.148000, 0.134615
0.280688, 0.677242, 0.821127, 0.343535, 0.390487, 0.206667, 0.360571, 0.170756, 0.134757
0.172454, 0.288487, 0.794085, 0.376936, 0.273902, 0.166667, 0.335429, 0.126667, 0.134933
0.112286, 0.381660, 0.886479, 0.239116, 0.185211, 0.406667, 0.454286, 0.337156, 0.135560
0.119360, 0.308835, 0.897746, 0.207337, 0.163577, 0.460000, 0.424571, 0.308000, 0.136473
0.126808, 0.411647, 0.893239, 0.316944, 0.214631, 0.340000, 0.362857, 0.176444, 0.136487
0.142240, 0.215663, 0.692676, 0.175557, 0.255050, 0.580000, 0.431429, 0.203111, 0.137043
0.148209, 0.234940, 0.881972, 0.686623, 0.213405, 0.246667, 0.356000, 0.146933, 0.138123
0.105252, 0.277778, 0.900000, 0.177503, 0.123854, 0.740000, 0.120571, 0.733244, 0.139106
0.133914, 0.345248, 0.868451, 0.218038, 0.213140, 0.406667, 0.423429, 0.213067, 0.139182
0.133570, 0.264926, 0.886479, 0.435955, 0.238717, 0.246667, 0.365143, 0.159378, 0.139433
0.112358, 0.256359, 0.893239, 0.171342, 0.151882, 0.486667, 0.431429, 0.313689, 0.139842
0.163536, 0.510174, 0.881972, 0.382448, 0.271715, 0.286667, 0.384571, 0.213067, 0.140184
0.113550, 0.372021, 0.787324, 0.181070, 0.158409, 0.433333, 0.601714, 0.476533, 0.141055
0.113640, 0.391299, 0.561972, 0.291650, 0.166128, 0.446667, 0.729714, 0.704089, 0.141250
0.156524, 0.415930, 0.863944, 0.333482, 0.227519, 0.326667, 0.373143, 0.189956, 0.141647
0.208135, 0.406292, 0.798592, 0.600689, 0.304945, 0.246667, 0.325143, 0.161511, 0.142077
0.354349, 0.814324, 0.866197, 0.314998, 0.406489, 0.246667, 0.366286, 0.188178, 0.142086
0.131840, 0.373092, 0.715211, 0.188529, 0.185543, 0.486667, 0.414286, 0.310844, 0.143728
0.120296, 0.195315, 0.890986, 0.155776, 0.167122, 0.580000, 0.455429, 0.236533, 0.143858
0.170301, 0.486613, 0.884225, 0.274787, 0.238551, 0.340000, 0.382286, 0.224800, 0.143885
0.123301, 0.444846, 0.890986, 0.199878, 0.207608, 0.433333, 0.504571, 0.407200, 0.144155
0.128870, 0.415930, 0.866197, 0.203445, 0.215658, 0.406667, 0.490857, 0.411467, 0.144568
0.131098, 0.364525, 0.886479, 0.219984, 0.182528, 0.353333, 0.399429, 0.221244, 0.144675
0.125848, 0.300268, 0.852676, 0.248196, 0.211285, 0.460000, 0.402857, 0.263556, 0.145106
0.137414, 0.466265, 0.821127, 0.324078, 0.188988, 0.300000, 0.414286, 0.208800, 0.145235
0.104439, 0.270281, 0.900000, 0.149291, 0.123655, 0.673333, 0.810857, 0.733600, 0.145670
0.118187, 0.317403, 0.537183, 0.241386, 0.174146, 0.726667, 0.390286, 0.360622, 0.146118
0.135542, 0.425569, 0.897746, 0.202797, 0.232091, 0.380000, 0.398286, 0.231911, 0.146698
0.130044, 0.275636, 0.782817, 0.286461, 0.251240, 0.566667, 0.358286, 0.230489, 0.146816
0.122641, 0.473762, 0.787324, 0.208958, 0.158740, 0.513333, 0.432571, 0.256444, 0.147153
0.131711, 0.349531, 0.848169, 0.368829, 0.187067, 0.566667, 0.350286, 0.307644, 0.147720
0.113400, 0.156760, 0.895493, 0.162586, 0.150524, 0.633333, 0.432571, 0.312267, 0.148165
0.111140, 0.406292, 0.884225, 0.290028, 0.159436, 0.740000, 0.561714, 0.469778, 0.148708
0.147436, 0.213521, 0.877465, 0.462221, 0.238883, 0.353333, 0.364000, 0.148711, 0.148882
0.108752, 0.300268, 0.879718, 0.260195, 0.141280, 0.580000, 0.473714, 0.456267, 0.150110
0.112443, 0.287416, 0.900000, 0.183016, 0.167619, 0.660000, 0.588000, 0.557244, 0.151247
0.192567, 0.520884, 0.884225, 0.242359, 0.273570, 0.353333, 0.368571, 0.194933, 0.151839
0.153284, 0.380589, 0.868451, 0.253060, 0.234112, 0.366667, 0.381143, 0.154756, 0.152393
0.125597, 0.344177, 0.900000, 0.195987, 0.203996, 0.380000, 0.399429, 0.291644, 0.153202
0.125735, 0.289558, 0.320845, 0.213822, 0.169176, 0.686667, 0.702286, 0.665689, 0.153568
0.113689, 0.368809, 0.857183, 0.186907, 0.178221, 0.433333, 0.553714, 0.437778, 0.153994
0.142188, 0.383802, 0.884225, 0.508593, 0.198464, 0.606667, 0.402857, 0.329689, 0.154116
0.125154, 0.340964, 0.893239, 0.185286, 0.203367, 0.646667, 0.394857, 0.273867, 0.154272
0.106218, 0.244578, 0.888732, 0.241711, 0.136642, 0.846667, 0.728571, 0.884711, 0.154357
0.137466, 0.449130, 0.897746, 0.253709, 0.219369, 0.406667, 0.479429, 0.406133, 0.155631
0.239563, 0.324900, 0.771549, 0.427523, 0.312830, 0.193333, 0.329714, 0.131644, 0.156807
0.120919, 0.338822, 0.897746, 0.240738, 0.187630, 0.446667, 0.430286, 0.327556, 0.157555
0.112115, 0.291700, 0.897746, 0.231982, 0.131043, 0.460000, 0.440571, 0.325067, 0.157715
0.119059, 0.191031, 0.859437, 0.235225, 0.165399, 0.740000, 0.654286, 0.555467, 0.157840
0.116371, 0.183534, 0.900000, 0.184637, 0.152247, 0.540000, 0.375429, 0.254311, 0.158001
0.109957, 0.149264, 0.900000, 0.155128, 0.135118, 0.580000, 0.422286, 0.327556, 0.158599
0.117430, 0.361312, 0.789577, 0.289704, 0.149596, 0.500000, 0.577714, 0.349600, 0.158927
0.127302, 0.305622, 0.881972, 0.493352, 0.178718, 0.620000, 0.366286, 0.358133, 0.159926
0.108080, 0.204953, 0.841408, 0.246251, 0.140187, 0.740000, 0.772000, 0.792622, 0.160394
0.133087, 0.366667, 0.854930, 0.193069, 0.190512, 0.593333, 0.100000, 0.322578, 0.161118
0.149154, 0.269210, 0.848169, 0.327969, 0.218872, 0.620000, 0.433714, 0.310489, 0.161188
0.118782, 0.405221, 0.665634, 0.184961, 0.184483, 0.700000, 0.485143, 0.343556, 0.163323
0.122289, 0.389157, 0.667887, 0.300081, 0.218375, 0.713333, 0.574286, 0.524533, 0.163601
0.136325, 0.451272, 0.870704, 0.199554, 0.203499, 0.393333, 0.474857, 0.376978, 0.163882
0.123995, 0.323829, 0.893239, 0.182043, 0.202671, 0.553333, 0.358286, 0.226578, 0.164419
0.114853, 0.337751, 0.742254, 0.336076, 0.175305, 0.606667, 0.558286, 0.554400, 0.165103
0.145693, 0.474833, 0.884225, 0.219984, 0.192202, 0.406667, 0.372000, 0.224444, 0.165868
0.142933, 0.328112, 0.210423, 0.259870, 0.210722, 0.740000, 0.750286, 0.673511, 0.165871
0.136685, 0.229585, 0.868451, 0.318565, 0.221489, 0.580000, 0.407429, 0.335733, 0.168003
0.383514, 0.591566, 0.778310, 0.713539, 0.411227, 0.220000, 0.353714, 0.160800, 0.170403
0.109462, 0.277778, 0.900000, 0.117511, 0.135715, 0.753333, 0.540000, 0.495022, 0.170448
0.122561, 0.430924, 0.897746, 0.185610, 0.179347, 0.486667, 0.577714, 0.471200, 0.171116
0.115081, 0.176037, 0.893239, 0.176854, 0.166923, 0.580000, 0.444000, 0.274578, 0.172576
0.148170, 0.312048, 0.884225, 0.379854, 0.202307, 0.486667, 0.406286, 0.283467, 0.172682
0.377845, 0.508032, 0.886479, 0.547183, 0.419278, 0.246667, 0.352571, 0.173244, 0.172935
0.159778, 0.350602, 0.694930, 0.173612, 0.232323, 0.340000, 0.424571, 0.317244, 0.173172
0.134996, 0.268139, 0.692676, 0.210904, 0.233217, 0.633333, 0.441714, 0.386933, 0.173367
0.123884, 0.262784, 0.530423, 0.195987, 0.189982, 0.793333, 0.602857, 0.779467, 0.173451
0.138149, 0.376305, 0.890986, 0.203445, 0.173218, 0.460000, 0.460000, 0.337867, 0.173717
0.210449, 0.396653, 0.881972, 0.307864, 0.346987, 0.406667, 0.417714, 0.195289, 0.175192
0.129873, 0.237082, 0.764789, 0.165505, 0.156322, 0.553333, 0.490857, 0.383733, 0.175253
0.125368, 0.344177, 0.886479, 0.239116, 0.195946, 0.606667, 0.390286, 0.322933, 0.175255
0.111358, 0.294913, 0.900000, 0.186259, 0.168414, 0.700000, 0.567429, 0.431733, 0.175861
0.218485, 0.442704, 0.890986, 0.389258, 0.282482, 0.260000, 0.354857, 0.194222, 0.176395
0.134080, 0.259572, 0.816620, 0.321484, 0.215725, 0.646667, 0.489714, 0.378044, 0.176442
0.147950, 0.407363, 0.875211, 0.349047, 0.220495, 0.646667, 0.342286, 0.308000, 0.179458
0.130149, 0.382731, 0.877465, 0.239765, 0.227287, 0.620000, 0.502286, 0.415022, 0.184168
0.137955, 0.239224, 0.703944, 0.184313, 0.221555, 0.500000, 0.468000, 0.334311, 0.184962
0.152904, 0.485542, 0.726479, 0.311107, 0.283211, 0.460000, 0.392571, 0.236178, 0.186946
0.119094, 0.233869, 0.561972, 0.178476, 0.161258, 0.526667, 0.676000, 0.561867, 0.187380
0.188598, 0.461981, 0.890986, 0.207013, 0.318661, 0.540000, 0.392571, 0.245067, 0.188771
0.171996, 0.169612, 0.586761, 0.441143, 0.284338, 0.566667, 0.370857, 0.277422, 0.189003
0.148903, 0.228514, 0.839155, 0.281597, 0.220330, 0.393333, 0.373143, 0.183556, 0.191515
0.169763, 0.297055, 0.776056, 0.264734, 0.227188, 0.793333, 0.436000, 0.410044, 0.191949
0.111929, 0.303481, 0.818873, 0.279651, 0.162484, 0.740000, 0.743429, 0.721511, 0.192296
0.115298, 0.339893, 0.900000, 0.145724, 0.168779, 0.500000, 0.670286, 0.625867, 0.192452
0.141092, 0.293842, 0.552958, 0.293271, 0.192467, 0.646667, 0.743429, 0.696978, 0.194928
0.150037, 0.390228, 0.890986, 0.214147, 0.222583, 0.313333, 0.442857, 0.254667, 0.195157
0.133501, 0.174967, 0.798592, 0.330239, 0.183190, 0.713333, 0.364000, 0.290933, 0.195310
0.154409, 0.307764, 0.870704, 0.356182, 0.244482, 0.566667, 0.359429, 0.312267, 0.197021
0.141087, 0.389157, 0.866197, 0.291650, 0.235768, 0.646667, 0.500000, 0.406844, 0.197047
0.131430, 0.322758, 0.670141, 0.264086, 0.243819, 0.673333, 0.582286, 0.525600, 0.199522
0.134254, 0.449130, 0.897746, 0.185610, 0.199226, 0.433333, 0.565143, 0.454133, 0.201022
0.121235, 0.273494, 0.715211, 0.208634, 0.183787, 0.806667, 0.526286, 0.664622, 0.201045
0.152776, 0.343106, 0.881972, 0.453466, 0.246602, 0.526667, 0.399429, 0.336800, 0.201978
0.128390, 0.305622, 0.893239, 0.224199, 0.213372, 0.580000, 0.591429, 0.490044, 0.203555
0.129735, 0.309906, 0.893239, 0.222902, 0.215857, 0.580000, 0.586857, 0.482933, 0.204178
0.187324, 0.411647, 0.857183, 0.242359, 0.280461, 0.260000, 0.417714, 0.190667, 0.206827
0.114703, 0.218876, 0.866197, 0.240738, 0.164174, 0.740000, 0.695429, 0.705156, 0.207058
0.135153, 0.265997, 0.895493, 0.410012, 0.233317, 0.606667, 0.498857, 0.415378, 0.207846
0.129936, 0.355957, 0.890986, 0.190150, 0.261146, 0.606667, 0.496571, 0.396889, 0.208499
0.142100, 0.384873, 0.893239, 0.198906, 0.228910, 0.553333, 0.564000, 0.448089, 0.211544
0.236850, 0.323829, 0.181127, 0.267977, 0.306237, 0.740000, 0.559429, 0.620533, 0.212486
0.131665, 0.388086, 0.836901, 0.321484, 0.176697, 0.740000, 0.621143, 0.536622, 0.213013
0.177302, 0.397724, 0.895493, 0.200851, 0.270489, 0.500000, 0.398286, 0.252533, 0.217314
0.160062, 0.279920, 0.886479, 0.206364, 0.253957, 0.393333, 0.376571, 0.223022, 0.217690
0.176657, 0.247791, 0.142817, 0.213498, 0.247430, 0.900000, 0.712571, 0.709422, 0.218012
0.120392, 0.141767, 0.897746, 0.171342, 0.145356, 0.646667, 0.498857, 0.442400, 0.219836
0.124604, 0.334538, 0.897746, 0.193393, 0.181302, 0.673333, 0.524000, 0.479733, 0.220617
0.159925, 0.201740, 0.850423, 0.222578, 0.252665, 0.420000, 0.358286, 0.235822, 0.222128
0.147333, 0.313119, 0.900000, 0.223227, 0.213339, 0.606667, 0.412000, 0.334667, 0.222446
0.189997, 0.375234, 0.884225, 0.290677, 0.343111, 0.513333, 0.479429, 0.396178, 0.223302
0.321183, 0.482329, 0.890986, 0.280624, 0.512838, 0.486667, 0.377714, 0.215556, 0.223669
0.147474, 0.251004, 0.805352, 0.533887, 0.216520, 0.540000, 0.458857, 0.346044, 0.224693
0.140321, 0.314190, 0.895493, 0.213498, 0.191440, 0.513333, 0.487429, 0.303022, 0.224823
0.295907, 0.512316, 0.886479, 0.295865, 0.364844, 0.273333, 0.366286, 0.200267, 0.225980
0.163500, 0.288487, 0.884225, 0.282894, 0.237889, 0.606667, 0.421143, 0.345689, 0.228774
0.173626, 0.232798, 0.550704, 0.269599, 0.264791, 0.580000, 0.400571, 0.333956, 0.230308
0.173099, 0.387015, 0.852676, 0.159992, 0.276519, 0.433333, 0.508000, 0.385156, 0.231556
0.706865, 0.553012, 0.794085, 0.660032, 0.548122, 0.206667, 0.353714, 0.146578, 0.234362
0.136718, 0.407363, 0.845915, 0.329591, 0.202174, 0.740000, 0.602857, 0.514933, 0.234843
0.161647, 0.481258, 0.893239, 0.324402, 0.225266, 0.340000, 0.439429, 0.241156, 0.236894
0.131929, 0.367738, 0.816620, 0.208310, 0.173119, 0.620000, 0.665714, 0.496444, 0.244584
0.145585, 0.259572, 0.868451, 0.274139, 0.233284, 0.580000, 0.416571, 0.350667, 0.248245
0.358554, 0.499465, 0.886479, 0.290353, 0.478979, 0.260000, 0.368571, 0.192089, 0.248993
0.129509, 0.173896, 0.848169, 0.279327, 0.198927, 0.566667, 0.481714, 0.435644, 0.249091
0.373496, 0.472691, 0.866197, 0.401581, 0.403607, 0.246667, 0.376571, 0.191733, 0.251816
0.205799, 0.420214, 0.866197, 0.191447, 0.346358, 0.406667, 0.466857, 0.345333, 0.253850
0.151817, 0.392369, 0.893239, 0.192096, 0.264956, 0.540000, 0.567429, 0.452711, 0.261145
0.138621, 0.331325, 0.893239, 0.243008, 0.189717, 0.673333, 0.500000, 0.352800, 0.261609
0.170737, 0.342035, 0.584507, 0.291974, 0.230733, 0.673333, 0.607429, 0.529867, 0.262558
0.150625, 0.285274, 0.875211, 0.197284, 0.186205, 0.713333, 0.464571, 0.375556, 0.263628
0.413909, 0.361312, 0.807606, 0.355533, 0.595498, 0.366667, 0.428000, 0.295911, 0.266175
0.215030, 0.223159, 0.850423, 0.202148, 0.327010, 0.420000, 0.393714, 0.232978, 0.268445
0.141019, 0.323829, 0.841408, 0.211877, 0.196277, 0.873333, 0.484000, 0.535911, 0.273147
0.199959, 0.337751, 0.832394, 0.283867, 0.295867, 0.486667, 0.472571, 0.347822, 0.273869
0.158213, 0.396653, 0.706197, 0.339968, 0.217182, 0.620000, 0.466857, 0.455200, 0.277121
0.156320, 0.276707, 0.870704, 0.288731, 0.259026, 0.633333, 0.468000, 0.437067, 0.281992
0.179099, 0.218876, 0.832394, 0.167775, 0.257601, 0.580000, 0.421143, 0.268889, 0.283240
0.241955, 0.302410, 0.742254, 0.276733, 0.483584, 0.340000, 0.444000, 0.303022, 0.284837
0.256244, 0.399866, 0.888732, 0.247223, 0.452143, 0.486667, 0.496571, 0.391556, 0.295688
0.149139, 0.150335, 0.900000, 0.171017, 0.211384, 0.620000, 0.430286, 0.338578, 0.297226
0.132986, 0.227443, 0.861690, 0.228739, 0.198364, 0.620000, 0.713714, 0.593156, 0.298153
0.177560, 0.249933, 0.893239, 0.383745, 0.338108, 0.606667, 0.478286, 0.378756, 0.298928
0.194032, 0.339893, 0.875211, 0.173287, 0.306071, 0.633333, 0.440571, 0.295200, 0.303725
0.144735, 0.210308, 0.832394, 0.267977, 0.231461, 0.593333, 0.566286, 0.470844, 0.304836
0.124267, 0.328112, 0.884225, 0.267977, 0.157813, 0.740000, 0.617714, 0.480800, 0.307407
0.215587, 0.312048, 0.890986, 0.250790, 0.339367, 0.446667, 0.439429, 0.322578, 0.308898
0.232127, 0.270281, 0.735493, 0.262465, 0.446875, 0.366667, 0.449714, 0.314756, 0.311834
0.188835, 0.270281, 0.877465, 0.236522, 0.291560, 0.633333, 0.502286, 0.376978, 0.316320
0.187409, 0.331325, 0.737746, 0.215120, 0.271549, 0.686667, 0.456571, 0.365600, 0.318921
0.263436, 0.340964, 0.823380, 0.289704, 0.373094, 0.606667, 0.424571, 0.329333, 0.324975
0.207558, 0.364525, 0.895493, 0.284516, 0.298650, 0.673333, 0.453143, 0.307289, 0.325299
0.267435, 0.404150, 0.893239, 0.223551, 0.370974, 0.406667, 0.382286, 0.231200, 0.326305
0.139382, 0.292771, 0.890986, 0.253385, 0.223179, 0.620000, 0.647429, 0.573244, 0.326929
0.188707, 0.200669, 0.701690, 0.201824, 0.273173, 0.593333, 0.480571, 0.367022, 0.336041
0.174716, 0.248862, 0.843662, 0.203445, 0.285000, 0.620000, 0.484000, 0.393689, 0.338176
0.177375, 0.248862, 0.845915, 0.207337, 0.296066, 0.620000, 0.480571, 0.388000, 0.342668
0.290396, 0.338822, 0.832394, 0.299108, 0.405860, 0.593333, 0.413143, 0.315467, 0.349682
0.258917, 0.306693, 0.857183, 0.308512, 0.430410, 0.340000, 0.462286, 0.299467, 0.349727
0.176552, 0.237082, 0.893239, 0.232955, 0.250876, 0.646667, 0.399429, 0.387289, 0.353779
0.221385, 0.348461, 0.868451, 0.212525, 0.299180, 0.700000, 0.430286, 0.338933, 0.372945
0.169123, 0.244578, 0.478592, 0.218687, 0.253328, 0.780000, 0.617714, 0.653956, 0.380674
0.180765, 0.368809, 0.888732, 0.184637, 0.225266, 0.673333, 0.652000, 0.553689, 0.384076
0.290244, 0.368809, 0.863944, 0.287758, 0.391117, 0.580000, 0.553714, 0.446667, 0.384116
0.236089, 0.321687, 0.839155, 0.246251, 0.422326, 0.540000, 0.431429, 0.279911, 0.390542
0.194887, 0.442704, 0.841408, 0.209931, 0.266911, 0.553333, 0.581143, 0.426756, 0.413302
0.295366, 0.347390, 0.870704, 0.240413, 0.298219, 0.553333, 0.375429, 0.234400, 0.418184
0.300178, 0.330254, 0.530423, 0.210904, 0.385915, 0.726667, 0.549143, 0.594578, 0.422284
0.276433, 0.188889, 0.884225, 0.242683, 0.310411, 0.460000, 0.381143, 0.264978, 0.433887
0.430194, 0.362383, 0.825634, 0.314674, 0.613687, 0.460000, 0.469143, 0.338578, 0.452400
0.259025, 0.496252, 0.854930, 0.234252, 0.403673, 0.540000, 0.558286, 0.387289, 0.463869
0.561283, 0.375234, 0.800845, 0.260519, 0.577906, 0.660000, 0.402857, 0.304089, 0.482380
0.282825, 0.189960, 0.875211, 0.248520, 0.319853, 0.460000, 0.380000, 0.261422, 0.500253
0.188681, 0.312048, 0.893239, 0.256952, 0.271251, 0.740000, 0.607429, 0.488622, 0.501483
0.238875, 0.320616, 0.879718, 0.252088, 0.354342, 0.686667, 0.501143, 0.420711, 0.506271
0.230534, 0.176037, 0.875211, 0.232631, 0.290069, 0.593333, 0.422286, 0.309067, 0.526657
0.323615, 0.313119, 0.809859, 0.223551, 0.370709, 0.500000, 0.495429, 0.394044, 0.580837
0.800454, 0.437349, 0.852676, 0.357154, 0.900000, 0.300000, 0.426857, 0.260356, 0.581469
0.496803, 0.380589, 0.834648, 0.330239, 0.505814, 0.646667, 0.440571, 0.321511, 0.655516
0.271617, 0.289558, 0.893239, 0.313377, 0.339334, 0.646667, 0.561714, 0.442044, 0.666241
0.867145, 0.387015, 0.857183, 0.266356, 0.597751, 0.446667, 0.392571, 0.240800, 0.809334
0.659949, 0.324900, 0.462817, 0.221605, 0.479542, 0.713333, 0.480571, 0.473333, 0.862474
0.478715, 0.197456, 0.812113, 0.253385, 0.403309, 0.473333, 0.391429, 0.262489, 0.900000
